User:1 logged in successfully. Timestamp:2022-07-03 13:26:23.1604259 GMT-07:00
User: 234 attempted to login but was unsuccessful. Timestamp:2022-07-03 13:28:35.6784612 GMT-07:00
User: 1 attempted to login but was unsuccessful. Timestamp:2022-07-04 08:31:50.8635015 GMT+12:00
